LabelID        Mean        StdD         Max         Min       Count     Vol(mm^3)        Extent(Vox)
    0     250.16322  2620.72361  299615.21875     0.00000    24772994  698191979.026    192   192   673
    1    27578.95143  7079.21574  55523.69531  11729.93555       34569    974278.625     40    54    42
    2    7407.33156   830.72820  10811.11621  5258.24707         347      9779.707     22     1    34
    3    4526.29033  1515.07705  8973.47559  1358.25562         126      3551.133     19     1    21
    4    1614.05557   299.77333  3051.08179  1038.66614         257      7243.183     13     1    29
    5    9539.95652   897.71424  12508.93555  7380.52148         197      5552.168     22     1    15
    6    7553.56863  1480.22806  11744.91699  4534.17725          78      2198.320     13    22     1
    7    7775.67870  1245.95536  10741.20605  2481.81274         158      4453.008     20    12     1
    8    20089.00707  13298.90799  72961.29688  3475.53662         258      7271.367     15     1    24
    9    17073.63511  10020.76268  59693.33984  4159.65820         267      7525.019     16     1    29
   10    2858.08240   495.78249  4084.75415  1782.71057         174      4903.945     18     1    20
   11    9067.82280   929.61234  11325.45508  6806.25928          47      1324.629      9     1     6
