LabelID        Mean        StdD         Max         Min       Count     Vol(mm^3)        Extent(Vox)
    0     316.54558  5570.19833  1163957.00000     0.00000    21816832  614876712.526    192   192   593
    1    16981.53053  3692.08595  31814.82617  7973.10596       41237   1162206.822     44    52    48
    2    9185.34801  1102.19824  13366.10645  7061.33936         182      5129.414     12     1    20
    3    5896.82817  1406.83261  11154.58887  3453.07251         105      2959.277     17    20     1
    4    2036.11091   456.60420  3181.48267  1319.15137         143      4030.254     12     1    16
    5    11311.38600  1152.19354  14568.86230  8593.88281         363     10230.644     23     1    24
    6    5922.51553  1600.71553  10301.01953  1978.72705         203      5721.269     11    32     1
    7    8671.60365  1757.67043  12609.53516  3860.45752         157      4424.824     23    10     1
    8    47880.69768  99617.83005  659362.25000  2580.10474         315      8877.832     14     1    35
    9    48632.02519  92585.62971  686754.06250  3006.88916         333      9385.136     13     1    34
   10    3074.14603   766.25769  6304.76758  1435.54700         424     11949.843     27     1    22
   11    7162.01508  1244.74319  10165.22461  4617.02979          58      1634.648     11     1     6
