LabelID        Mean        StdD         Max         Min       Count     Vol(mm^3)        Extent(Vox)
    0     337.52216  5890.60292  2075655.25000     0.00000    24779530  698376186.989    192   192   673
    1    32207.88702  7840.61022  60643.72656  13699.32422       27861    785223.083     39    50    43
    2    9520.62033  1177.29199  12384.74316  5984.80566         221      6228.574     10     1    27
    3    3962.88214   936.20566  6123.18311  2041.06091         188      5298.515     28     1    23
    4    2879.66739   477.53554  4497.25293  1902.68396         199      5608.535     17     1    38
    5    12044.14661  1158.60608  15602.00879  9098.28906         440     12400.781     28     1    27
    6    5455.57446   855.40523  9340.44824  3770.77368         114      3212.930     15    21     1
    7    8672.42144  1367.62516  12696.09082  4185.90479         145      4086.621     21    21     1
    8    18958.59690  13321.18018  101880.07812  3839.96216         256      7215.000     16     1    28
    9    17652.19840  20118.27122  168266.45312  2663.75757         216      6087.656     15     1    24
   10    2587.74120   354.91011  3563.20801  1660.52417         228      6425.859     17     1    22
   11    6514.00443  1784.94675  9720.98535  2144.84375          74      2085.586     11     1     9
