LabelID        Mean        StdD         Max         Min       Count     Vol(mm^3)        Extent(Vox)
    0     405.21442  4516.95470  1300026.12500     0.00000    24767183  698028204.167    192   192   673
    1    13942.52144  3153.56654  26672.20312  6760.13623       39995   1127202.800     44    52    48
    2    9031.35829  1111.28349  12046.90918  6045.12158         306      8624.179     15     1    39
    3    5104.81867  1496.69898  9533.52539  1646.69983         176      4960.312     20     1    23
    4    1868.95176   287.42116  2795.05615  1343.36035         198      5580.351     13     1    24
    5    12577.24171  1372.22505  15578.64648  9208.51855         233      6566.777     30     1    18
    6    5973.70951  1512.19863  9186.85156  2621.71948         267      7525.019     44    21     1
    7    8767.72858  1055.27584  11700.23535  6283.45996         256      7215.000     26    24     1
    8    13320.49219  8820.61686  62834.59766  4268.41943         186      5242.148     11     1    25
    9    15228.09263  9464.03665  53886.08594  3510.07056         201      5664.902     14     1    20
   10    2345.17210   573.39520  4398.42188  1126.68933         427     12034.394     27     1    28
   11    6886.19923  1025.64771  9598.52637  5048.43506          44      1240.078     10     1     6
