LabelID        Mean        StdD         Max         Min       Count     Vol(mm^3)        Extent(Vox)
    0     372.13196  6252.42578  2274373.25000     0.00000    24789554  698658699.325    192   192   673
    1    30469.34022  7864.32054  62090.38672  10651.64746       17501    493241.060     42    36    45
    2    7574.60495  1033.12852  11485.58496  4662.46484         177      4988.496     14     1    34
    3    4816.38723  1059.34942  7922.39990  2842.96655          66      1860.117     14     1    19
    4    1293.96671   195.94395  1895.31104   871.84302         250      7045.898     18     1    33
    5    9711.70643  1251.88003  13115.55176  6444.05713         285      8032.324     40     1    10
    6    4151.52075  1335.16227  8832.14941  1933.21716         240      6764.062     32    18     1
    7    7566.04293   803.47245  10537.92871  5610.12061         394     11104.336     25    38     1
    8    27517.83504  31860.83709  186119.53125  4548.74609         328      9244.218     12     1    34
    9    17623.65357  16892.51416  139040.01562  4283.40283         263      7412.285     12     1    31
   10    2194.75984   364.60938  3601.09082  1099.28040         369     10399.746     31     1    31
   11    7867.64640   868.41098  9400.74219  6254.52637          45      1268.262     11     1     5
