LabelID        Mean        StdD         Max         Min       Count     Vol(mm^3)        Extent(Vox)
    0     414.50176  6770.23768  1158755.75000     0.00000    19616028  552850148.429    192   192   533
    1    41800.51417  9015.26617  80436.96094  7358.09863       25142    708591.894     60    52   166
    2    9399.40374   938.49478  13364.31641  7995.41455         106      2987.461     11     1    14
    3    41826.33157  17346.66144  94071.64844  12147.62207        5005    141058.883     22    25    28
    4    2095.27905   447.38068  3399.01685  1178.06836         351      9892.441     18     1    32
    5    12341.44816  1752.55223  16106.70410  5716.52832         276      7778.672     26     1    21
    6    10791.26936  1963.39249  14967.26172  5735.84082         203      5721.269     31     1    22
    7    10222.48491  1162.20375  12958.75195  6662.84521         306      8624.179     22     1    21
    8    28686.39777  37627.78121  308769.78125  4538.45996         298      8398.711     16     1    26
    9    23801.51936  20861.01254  161569.17188  4364.64648         331      9328.769     18     1    30
   10    3851.00955   611.22122  5446.15186  2375.44922         396     11160.703     29     1    24
   11    7956.23752  1202.51615  10930.92871  5214.40088          70      1972.852     11     1     7
