LabelID        Mean        StdD         Max         Min       Count     Vol(mm^3)        Extent(Vox)
    0     436.60968  3592.17103  386642.59375     0.00000    21634056  609725428.141    192   192   588
    1    18692.20321  4361.03676  35403.57422  8538.35742       39461   1112152.761     43    48    49
    2    8980.92148  1092.52283  13584.04297  6444.04297         205      5777.637     11     1    23
    3    5019.65789  1525.32878  9885.16211  1701.22742         128      3607.500     18    22     1
    4    1537.60827   361.79906  2816.04688   902.16602         238      6707.695     13     1    24
    5    9889.53711  1281.75128  13990.01758  7661.96729         109      3072.012     16     1    18
    6    8879.20210  1439.20984  12572.32812  4298.17676         215      6059.472     23    39    21
    7    8656.52022  1359.54046  13120.07227  4111.29932         386     10878.867     29     1    23
    8    13094.24309  4660.37307  30151.67773  4175.73975         245      6904.980     13     1    33
    9    11966.73574  2681.62023  21400.66797  2938.48364         262      7384.101     19     1    22
   10    2058.35330   480.95235  4175.73975   882.83392         696     19615.781     29     1    39
   11    9874.56070  1567.30165  14093.12207  7294.65674          31       873.691     11     1     5
