LabelID        Mean        StdD         Max         Min       Count     Vol(mm^3)        Extent(Vox)
    0     442.12723  5219.17075  754148.81250     0.00000    21760344  613284677.728    192   192   591
    1    26780.04933  5072.16614  43552.82031  14894.68652       24091    678970.938     43    47    47
    2    8312.19065  1222.73783  11865.47168  6171.55371         183      5157.598     10     1    20
    3    15579.46971  4928.33307  28419.31445  2928.65991         229      6454.043     18    27     1
    4    1605.11230   425.74514  3883.93091   930.13232         227      6397.676     15     1    22
    5    10565.59560  1013.70060  13549.76562  8044.38770         233      6566.777     26     1    12
    6    9216.54910  1867.29294  12896.15918  3117.20020         137      3861.152     17    30     1
    7    8504.62825  1067.93959  11274.71191  5907.59717         224      6313.125     24    20     1
    8    18010.03757  26347.97245  252606.34375  3997.05518         333      9385.136     20     1    27
    9    27292.88386  34521.63412  220416.21875  6158.98438         175      4932.129     14     1    22
   10    1652.35464   337.23800  2953.79858   904.99365         390     10991.601     16     1    39
   11    8043.73769  1125.41632  10294.30273  5417.39258          58      1634.648     11     1     6
