LabelID        Mean        StdD         Max         Min       Count     Vol(mm^3)        Extent(Vox)
    0     312.92540  2418.04608  1090379.50000     0.00000    22115658  623298702.873    192   192   601
    1    18828.11139  4422.88415  40671.15234  8741.20898       31038    874762.358     42    52    46
    2    7419.47583   994.15533  10213.22070  5524.58936         245      6904.980     15     1    26
    3    27577.51205  8527.55707  53519.45703  13611.57031        6073    171158.960     25    27    31
    4    1791.37044   379.41126  3162.10034  1072.20642         396     11160.703     15     1    35
    5    9530.87644   998.54875  12539.36328  7160.15820         318      8962.383     27     1    28
    6    6678.09225  1063.91581  8904.76562  4234.30664         264      7440.469     34    15     1
    7    6771.72615   763.39661  8723.03516  4179.78809         147      4142.988     24    18     1
    8    19523.95573  15120.33950  86212.67188  4052.57690         286      8060.508     15     1    34
    9    15803.13603  10917.26800  71328.99219  2235.27783         338      9526.054     15     1    32
   10    1691.34961   363.58995  2635.08374   926.82251         461     12992.636     29     1    22
   11    6739.90797   993.15439  8704.86230  4543.24756          40      1127.344      9     1     6
