LabelID        Mean        StdD         Max         Min       Count     Vol(mm^3)        Extent(Vox)
    0     309.56692  3108.22360  577423.68750     0.00000    24774087  698222783.693    192   192   673
    1    25614.33613  6187.78105  52641.79297  11577.34473       33099    932848.743     43    52    45
    2    5954.25700   814.88789  8343.77246  4195.94531         102      2874.726     14     1    12
    3    4202.27671   730.81530  6159.18555  2319.31836         152      4283.906     13    25     1
    4     974.88362   207.56709  1915.12183   577.42365         240      6764.062     15     1    24
    5    7213.35412   917.57419  9604.48047  4898.47754         260      7327.734     38     1    15
    6    7168.00119  2018.50273  12308.74805  1992.11169         178      5016.680     34    11     1
    7    6561.89414   741.72299  8122.42627  4792.61621         194      5467.617     22    17     1
    8    8793.66883  4033.08082  22567.64258  1847.75574         386     10878.867     19     1    32
    9    11536.68757  11549.99064  105071.85938  1501.30151         365     10287.011     15     1    37
   10    2090.51157   345.36437  3426.04712  1231.83716         356     10033.359     13     1    39
   11    7616.90821   831.89407  9546.73828  4638.63672          53      1493.730     12     1     5
