LabelID        Mean        StdD         Max         Min       Count     Vol(mm^3)        Extent(Vox)
    0     291.35834  2464.92291  630130.37500     0.00000    24780867  698413868.453    192   192   673
    1    24997.01257  5627.49071  44571.21875  10670.20703       26944    759378.728     39    53    45
    2    6871.76707   882.02242  9231.40918  5261.58838         204      5749.453     10     1    26
    3    16650.41812  4675.08680  26412.96289  6815.91016         115      3241.113     16     1    18
    4    1484.00698   361.84416  2877.59521   997.70636         210      5918.555     15     1    25
    5    9054.18544   955.89563  12319.04785  6553.35547         232      6538.594     31     1    13
    6    5021.44727   937.00712  6931.43359  2247.46484         164      4622.109     26    27     1
    7    7162.16813   839.56090  9021.36621  4389.90820          67      1888.301     14    12     1
    8    14173.96537  4087.75942  23934.45117  6574.35986         225      6341.308     16     1    24
    9    11325.27217  5401.87184  24690.60742  2846.08862         163      4593.926     12     1    21
   10    3287.82769   499.37663  4894.01221  2142.44312         227      6397.676     17     1    22
   11    6391.93335  1684.32123  11247.82715  4200.86914          54      1521.914     11     1     6
