LabelID        Mean        StdD         Max         Min       Count     Vol(mm^3)        Extent(Vox)
    0     560.16965  5608.86082  622581.06250     0.00000    22334492  629466231.252    192   192   607
    1    26044.32531  6905.52779  55928.53516  10604.63086       38970   1098314.617     45    49    52
    2    9604.38452  1434.44629  13717.53613  5675.86426         431     12147.129     17     1    37
    3    6411.09314  1927.20318  11081.94336  1214.03308         153      4312.090     20     1    24
    4    2056.87187   626.50870  5001.40137  1027.25879         476     13415.390     17     1    37
    5    11836.62894  1804.88263  17764.31445  7066.29541         562     15839.179     27     1    38
    6    4520.20738  1243.87715  7346.45654  1535.69995         139      3917.519     20    26     1
    7    8512.75868  1803.91745  12005.43848  2417.68994         260      7327.734     25    17     1
    8    17596.97997  13681.45356  89174.36719  6713.49951         174      4903.945     15     1    24
    9    31302.17894  64159.74890  472383.40625  2718.60400         298      8398.711     16     1    25
   10    2011.13240   658.38696  4866.50879   788.60272         414     11668.007     33     1    18
   11    4153.69286   789.68610  6132.42383  2334.67896          79      2226.504     14     1     7
